333
130
143
169
213
133
234
362
267
233
182
608
165
156
392
171
203
792
310
132
96
201
204
318
382
132
176
170
324
161
142
1514
152
152
335
249
111
124
255
306
247
201
367
232
171
174
163
181
112
132
136
311
150
375
398
253
275
224
143
701
145
166
140
371
254
186
236
208
242
153
770
872
167
110
180
187
212
130
314
175
902
161
134
241
147
719
264
135
157
351
1106
346
140
126
225
326
344
150
302
780
224
425
366
973
129
183
524
281
196
142
220
308
476
254
207
247
302
124
392
133
101
233
334
184
181
596
115
491
163
232
152
235
263
199
616
279
204
235
140
178
398
399
105
274
106
125
475
166
207
190
188
182
709
234
289
231
196
166
179
138
208
138
179
127
215
371
152
127
180
146
181
134
160
242
188
267
131
180
162
197
196
186
168
311
206
351
175
186
176
380
170
107
244
154
135
120
246
202
155
230
228
199
244
216
107
249
200
399
240
292
127
149
364
119
401
150
150
171
211
251
160
324
153
187
212
701
195
213
291
115
212
116
347
141
228
202
124
178
160
148
302
162
1149
450
269
180
152
257
330
112
144
122
121
342
178
221
139
212
139
127
478
202
224
242
257
369
212
254
134
145
143
373
192
120
149
95
335
262
187
160
192
153
228
131
411
358
130
184
383
602
128
147
276
270
534
109
204
359
107
137
555
182
171
1091
565
143
125
322
196
153
345
279
133
112
347
171
230
800
260
139
119
246
342
309
223
193
206
353
117
343
232
588
228
129
370
150
247
148
270
210
242
152
201
302
204
147
143
268
113
173
133
112
251
187
195
221
181
333
369
147
119
160
129
154
180
165
323
133
148
110
134
103
259
660
159
142
124
1167
200
219
254
224
317
327
158
157
101
300
143
793
128
198
382
134
172
150
336
231
164
230
433
121
239
344
179
142
127
152
169
217
341
191
317
466
136
250
796
270
224
150
229
248
206
204
222
175
131
161
210
297
187
232
341
208
152
167
277
442
281
386
141
189
239
157
215
268
402
187
290
320
130
185
178
151
128
152
1365
139
149
131
230
121
158
429
332
340
231
296
451
123
481
124
233
161
180
172
347
332
135
117
266
147
154
357
153
181
414
207
105
102
361
307
184
282
187
210
322
203
699
315
324
225
155
246
333
128
149
106
218
131
222
301
210
122
225
166
111
119
127
279
511
122
453
272
303
288
205
136
90
145
261
169
215
160
181
151
175
422
463
242
263
157
172
163
294
327
147
139
279
121
902
154
431
171
309
393
152
228
211
147
131
227
175
201
159
257
278
169
143
699
153
357
179
139
465
128
189
226
124
206
136
450
135
90
225
155
134
174
126
257
166
367
465
278
170
489
148
269
174
279
301
245
203
180
238
159
117
170
887
149
129
115
226
330
175
130
266
217
298
159
231
278
338
153
123
130
525
187
137
249
335
175
133
242
469
206
116
263
254
228
517
118
685
246
145
113
164
107
249
123
160
130
139
123
240
226
129
165
161
460
179
471
186
239
359
544
175
1185
307
186
135
209
135
160
160
133
290
168
253
197
311
325
212
262
259
279
134
116
123
143
300
198
139
205
152
275
125
324
149
214
315
144
219
216
231
243
229
282
159
337
177
177
140
339
217
146
121
126
206
142
158
287
166
156
168
259
161
292
210
253
375
118
249
193
297
128
167
143
346
174
392
234
512
109
114
395
230
237
291
233
422
326
137
177
201
126
181
568
195
633
240
116
795
140
494
208
400
140
166
265
224
235
143
151
112
288
125
424
231
99
186
241
201
664
510
209
136
194
105
175
459
416
279
212
137
226
135
442
273
145
186
112
167
185
128
114
199
201
165
120
159
278
258
382
206
181
104
522
150
119
341
273
158
165
238
232
657
232
188
192
175
272
167
183
112
254
115
175
527
128
259
1425
105
219
213
122
83
182
165
119
424
499
229
149
339
272
222
163
144
308
140
357
154
120
188
94
184
271
119
449
229
347
348
224
269
126
171
134
234
126
272
153
220
176
225
331
159
189
623
174
124
287
795
181
138
183
124
154
119
115
200
288
137
220
129
292
125
256
134
246
178
489
133
104
130
105
124
329
313
316
192
228
139
142
506
143
254
125
121
147
110
190
132
126
171
168
288
112
133
448
102
143
220
299
183
185
155
196
155
395
174
99
140
373
421
324
355
125
268
319
269
167
386
107
119
442
181
172
168
383
165
113
466
111
164
625
99
111
301
241
127
235
390
227
126
213
264
157
156
212
187
299
274
300
131
215
860
579
565
201
1027
551
94
245
389
160
513
268
647
191
158
119
120
224
150
526
146
425
207
90
163
135
264
162
149
216
182
158
196
178
147
115
338
351
175
132
542
184
213
122
164
155
177
415
313
137
379
245
480
238
186
279
229
172
215
243
114
140
228
247
270
161
399
443
128
189
142
140
199
202
545
231
443
172
159
219
141
137
447
146
130
301
133
240
167
338
250
111
249
169
1167
300
145
129
304
221
506
372
973
294
300
271
125
101
180
193
116
188
253
261
284
123
127
235
146
104
520
157
203
575
165
199
357
110
248
143
320
85
134
527
152
149
140
290
203
149
155
157
297
158
400
175
582
165
782
299
145
153
174
232
253
293
188
92
115
274
243
210
285
136
192
281
241
141
142
307
224
215
535
291
162
356
250
133
223
133
179
243
342
174
175
141
112
256
366
192
157
231
189
269
123
160
329
211
757
141
170
192
150
193
277
165
186
268
193
172
141
126
143
193
355
100
160
119
387
116
311
116
144
411
268
140
138
129
194
148
200
122
192
242
295
91
158
189
264
131
259
132
682
705
241
156
349
201
270
301
182
165
169
124
381
294
116
856
142
176
191
119
234
277
172
132
239
230
152
133
143
408
141
196
207
364
177
135
126
453
167
175
194
398
208
561
161
254
201
155
436
123
226
187
171
270
272
178
121
108
360
124
361
151
183
230
119
484
140
176
191
184
177
168
196
208
353
409
177
196
101
577
92
217
310
134
169
219
268
135
664
409
232
649
318
257
453
168
150
147
174
145
247
177
324
208
138
276
135
183
582
1051
593
191
209
199
240
173
140
158
83
306
226
235
162
114
181
1007
159
222
133
145
289
329
117
138
191
253
115
156
918
183
197
304
129
225
184
114
279
140
114
142
357
124
120
270
163
212
220
310
164
713
110
338
261
181
199
194
302
116
286
256
246
226
141
335
129
164
187
279
105
115
616
352
143
221
130
565
216
306
234
190
272
172
155
109
313
133
281
111
783
190
236
363
254
883
156
268
143
270
283
132
175
104
257
510
185
260
125
403
159
159
226
196
296
239
361
157
254
314
128
142
357
274
174
323
200
171
112
188
221
443
119
277
137
155
182
363
270
280
183
107
216
132
229
393
131
299
139
170
187
159
174
188
146
429
96
172
114
251
133
172
364
568
139
232
205
136
110
181
544
278
125
550
161
303
116
632
303
153
230
302
113
208
244
288
206
139
281
226
210
545
575
364
140
197
249
127
484
326
362
204
193
835
274
148
103
175
104
259
254
243
124
254
269
159
207
302
204
115
112
426
126
240
115
197
484
128
847
183
281
124
217
121
305
211
326
141
96
135
151
168
233
299
240
111
190
730
336
228
186
189
635
170
111
131
185
1198
503
488
156
154
119
149
234
152
356
111
180
259
146
174
232
305
431
271
487
76
137
163
153
245
314
174
147
359
186
134
114
189
263
324
119
133
104
137
241
181
153
115
288
123
148
91
106
338
182
228
170
134
219
181
203
164
128
693
225
208
153
172
225
172
181
315
163
95
160
277
269
163
105
194
130
342
206
310
217
170
86
237
168
219
124
245
223
911
488
177
700
136
170
142
304
159
411
235
591
185
137
135
585
171
267
326
248
163
251
205
127
170
121
150
107
379
847
101
198
171
152
164
120
383
210
146
1276
234
533
301
293
171
399
118
318
195
380
137
131
101
170
200
354
304
234
180
107
159
188
223
228
278
342
317
179
468
407
129
181
274
234
181
316
117
119
149
306
164
385
524
237
281
291
152
386
187
100
223
230
616
101
120
183
293
647
159
112
281
165
174
661
116
162
177
302
127
183
192
234
165
386
172
139
252
166
160
667
499
483
278
301
141
503
118
219
177
125
343
224
113
224
239
131
264
239
182
217
133
147
402
132
351
145
151
181
152
246
245
142
99
142
189
290
194
135
355
210
106
126
135
1430
113
312
151
154
324
123
144
160
226
324
566
160
149
142
331
847
204
484
155
136
362
183
244
217
452
137
242
585
223
162
146
128
113
336
100
1034
113
205
286
128
170
253
89
155
175
287
392
247
308
200
499
119
792
137
331
429
92
113
529
360
190
277
304
152
135
253
207
244
156
162
243
159
119
123
353
120
185
111
325
135
261
544
179
223
283
181
1273
125
233
137
218
263
237
141
283
311
151
179
298
953
165
131
183
117
226
173
170
363
127
196
219
293
257
577
834
129
215
967
340
242
336
143
182
299
292
110
138
131
402
148
235
191
103
182
284
195
119
206
163
427
178
243
328
125
292
150
208
200
171
98
124
285
155
247
132
127
411
131
149
274
138
130
317
115
112
511
156
382
249
180
249
236
242
131
315
226
126
127
132
542
416
215
196
151
461
767
114
172
150
211
279
182
243
110
128
198
365
157
129
291
184
221
328
190
208
318
157
183
224
151
749
150
167
165
254
134
132
187
357
305
488
148
293
139
224
132
227
192
209
213
477
113
170
212
294
232
219
323
151
147
163
183
258
210
228
160
281
175
123
116
198
147
143
383
152
269
196
130
213
193
512
130
298
262
223
317
167
175
151
154
335
218
110
582
99
105
212
107
294
198
272
131
184
489
182
383
338
238
365
230
227
166
220
278
145
186
172
255
321
161
94
272
148
181
252
172
155
139
333
149
278
303
179
304
358
165
258
227
992
188
221
129
172
126
204
153
300
170
899
126
132
132
168
259
117
200
118
167
216
182
333
554
231
249
152
182
186
113
451
107
159
144
589
227
147
232
215
375
215
304
528
222
147
101
120
132
182
159
139
242
490
182
431
195
128
311
347
525
125
160
274
116
164
174
263
138
120
177
269
291
172
160
366
130
224
249
131
156
252
252
159
160
221
184
435
202
182
179
123
117
427
136
180
138
135
218
262
249
123
931
248
129
115
217
89
194
232
155
276
317
315
197
139
120
256
199
140
259
178
141
183
306
244
124
125
165
542
699
573
338
241
360
361
164
159
146
241
320
171
129
244
114
149
263
365
159
111
361
174
324
225
264
178
257
324
844
152
146
130
349
237
232
138
121
215
327
384
158
653
278
324
260
299
262
245
105
315
317
187
553
640
198
110
156
177
121
632
443
129
217
169
388
165
201
151
127
213
347
116
290
171
206
180
330
246
119
355
424
139
154
153
343
217
151
154
140
147
159
174
172
159
209
109
153
490
224
136
190
224
269
109
196
226
209
270
133
280
394
825
351
224
265
114
164
306
208
103
349
287
307
189
160
454
207
151
281
298
245
152
216
183
190
139
449
163
301
330
592
294
388
234
378
310
110
337
260
450
189
134
183
105
164
324
111
132
123
694
162
187
138
152
113
190
123
168
256
160
308
393
150
512
309
291
233
208
209
264
143
297
241
116
290
111
136
125
566
203
236
134
263
122
503
323
182
124
159
193
197
119
249
166
175
330
130
221
211
212
135
214
266
143
127
235
251
315
138
185
154
249
149
554
268
392
130
466
175
165
92
269
157
194
301
564
155
140
172
314
289
182
238
202
186
103
123
627
133
435
168
350
190
131
194
141
705
274
142
149
195
116
249
195
138
315
331
274
133
110
115
358
231
150
135
157
953
151
114
183
627
127
153
173
165
116
229
244
127
105
99
279
550
307
337
154
161
124
217
325
667
834
250
320
229
1185
151
108
186
128
146
146
193
261
522
589
219
227
114
106
459
139
153
349
231
234
152
190
286
140
134
175
248
244
184
130
121
286
223
211
163
302
158
164
186
186
107
620
306
173
134
228
91
185
159
118
133
146
177
150
130
133
173
136
273
106
245
304
257
294
120
163
428
203
99
268
264
192
201
198
182
216
215
178
138
259
345
161
155
272
157
163
201
101
129
264
297
106
506
189
234
270
194
126
131
635
242
197
254
94
217
611
403
261
384
137
382
229
431
180
620
500
155
169
283
138
230
681
160
170
271
165
221
271
187
178
187
226
150
189
124
492
127
159
365
358
422
138
404
121
128
219
169
236
400
664
83
172
215
145
175
175
819
111
116
259
635
140
132
160
127
170
228
191
224
375
407
221
225
147
179
141
226
86
164
196
286
245
138
204
177
228
152
180
389
739
300
556
181
795
229
158
549
140
363
132
191
265
114
343
426
122
355
226
148
315
173
142
243
258
259
392
148
112
159
154
466
259
335
178
205
181
166
478
331
213
167
199
847
346
302
145
157
163
238
189
157
179
171
402
195
120
188
138
315
186
181
283
109
153
326
228
200
142
184
269
135
105
172
191
122
180
140
390
136
263
164
136
176
160
130
108
113
283
524
198
226
136
550
174
196
158
235
175
215
119
119
166
202
273
353
193
252
409
288
979
207
365
1321
1066
178
449
259
232
205
314
269
427
220
413
201
119
348
243
157
500
315
170
105
126
177
130
208
180
219
232
189
193
263
177
173
179
263
429
160
542
229
179
324
128
114
143
220
232
153
367
460
107
661
771
171
408
520
155
374
219
314
162
185
275
165
301
767
254
259
271
407
123
480
349
163
169
174
528
222
172
206
287
621
132
402
137
110
147
187
324
125
200
178
386
609
169
158
220
141
295
1083
542
145
199
274
162
223
199
307
201
177
120
117
199
154
194
751
162
274
234
147
420
151
196
148
104
404
160
88
327
187
243
326
313
120
301
123
114
231
141
191
273
151
373
429
417
172
141
422
219
254
116
109
208
104
201
244
160
244
132
432
757
597
128
225
152
426
237
119
306
293
367
258
228
157
201
219
125
354
267
282
213
423
151
187
705
150
500
195
139
164
332
120
217
112
445
137
120
109
114
694
153
213
147
213
140
116
132
144
169
272
217
209
183
158
195
284
250
320
274
142
264
345
388
137
275
162
254
325
432
206
278
286
289
134
625
163
311
225
517
255
150
358
195
320
705
245
162
176
154
221
144
121
118
163
542
185
259
155
220
539
279
416
306
296
264
262
276
349
99
197
174
185
250
206
126
156
99
158
139
209
213
144
244
382
148
215
155
273
386
215
219
149
162
178
209
203
281
185
403
256
165
378
139
279
516
495
171
266
415
125
196
190
148
178
191
232
739
153
122
132
218
321
359
211
131
241
267
304
194
130
218
210
180
454
265
174
130
98
231
359
117
153
299
413
582
168
208
180
403
189
591
411
191
222
368
159
134
135
474
164
203
519
423
103
317
265
159
110
205
246
331
163
172
256
232
517
248
161
140
188
156
177
600
183
169
155
197
164
256
259
194
276
280
235
217
145
664
129
226
411
526
184
181
359
392
442
148
137
245
212
222
174
404
174
228
163
228
165
152
236
181
236
279
225
201
781
252
262
130
195
242
184
162
277
251
258
153
200
111
140
123
145
256
125
177
141
126
174
255
134
155
320
320
178
195
165
181
152
553
414
188
316
154
158
102
249
278
163
559
216
124
337
701
269
174
185
129
259
226
1139
278
145
215
148
124
205
172
228
406
220
92
179
454
129
125
124
177
137
192
166
704
782
128
123
166
292
252
171
790
486
169
484
129
132
282
254
138
139
215
247
339
202
123
138
175
126
128
246
144
359
244
469
574
406
350
301
406
155
208
234
133
625
189
212
164
207
172
163
191
167
359
207
363
188
149
862
231
103
143
155
144
112
430
122
114
218
471
233
180
164
423
152
189
279
339
288
126
112
333
136
196
157
348
244
89
741
192
331
126
985
462
175
395
362
178
205
345
125
242
165
116
240
139
268
107
127
657
176
135
135
272
116
377
169
121
159
164
992
783
332
131
221
226
208
391
392
201
228
197
130
926
220
230
240
149
254
134
256
253
219
149
159
353
156
100
783
332
609
158
417
232
358
132
150
126
89
119
181
328
168
148
410
146
294
81
384
677
163
201
197
331
176
344
165
393
133
99
149
116
449
559
145
369
193
154
305
359
158
129
105
155
274
142
154
136
324
241
202
163
496
337
148
131
146
609
196
129
182
143
123
149
272
412
1135
142
124
160
224
290
819
352
899
372
287
315
140
302
163
153
181
241
159
333
108
263
153
577
145
214
119
159
246
277
204
219
272
358
292
139
141
166
899
197
216
178
279
179
122
135
176
406
157
315
139
905
675
130
239
232
171
151
155
256
359
730
275
178
224
242
179
259
485
174
172
182
117
275
191
105
154
719
208
138
570
133
140
239
1080
160
188
310
217
185
186
290
152
124
165
251
216
232
198
165
188
320
165
177
302
119
154
116
284
276
126
95
482
177
311
146
114
388
158
107
175
413
349
427
120
324
329
117
153
115
185
314
178
385
323
181
290
109
95
267
159
288
463
175
126
363
139
127
224
161
465
208
180
162
101
739
170
343
600
223
591
124
233
225
172
174
152
162
114
224
128
241
274
159
189
386
208
297
211
350
132
356
398
297
128
209
229
115
278
169
469
184
158
176
215
664
190
323
197
313
330
332
357
176
525
208
146
213
954
198
539
181
181
135
367
119
186
126
220
229
260
177
646
216
112
283
190
110
348
164
172
290
152
324
192
145
124
195
225
298
119
543
120
331
460
165
170
561
289
178
610
332
144
203
407
162
469
110
200
158
448
147
112
627
343
805
152
119
448
620
158
162
172
202
191
549
159
323
254
157
162
170
246
203
307
113
127
175
176
317
200
206
218
190
243
148
146
307
233
224
301
123
146
170
201
248
291
132
166
186
268
187
299
110
231
183
187
265
222
96
182
334
168
141
359
279
123
134
224
187
132
377
199
324
357
187
636
152
442
407
243
159
597
145
109
452
313
388
108
154
272
141
130
189
161
288
231
140
178
133
161
192
204
198
409
232
152
343
371
220
337
270
570
216
154
195
165
270
